%function coloration(color)
%
% ColorMaps :: 'phase', 'phase2'; 'phase3' 'Jet', 'dark', 'CohDark'; 'CorrMat'; 'CorrMat2'; 'CorrMatW'; 'CorrMatDiff'
% 'CoherenceMat', 'pvalue', 'BW'


function coloration(color)

%% Colormap Profiles

BW=[1,1,1;0.984126985073090,0.984126985073090,0.984126985073090;0.968253970146179,0.968253970146179,0.968253970146179;0.952380955219269,0.952380955219269,0.952380955219269;0.936507940292358,0.936507940292358,0.936507940292358;0.920634925365448,0.920634925365448,0.920634925365448;0.904761910438538,0.904761910438538,0.904761910438538;0.888888895511627,0.888888895511627,0.888888895511627;0.873015880584717,0.873015880584717,0.873015880584717;0.857142865657806,0.857142865657806,0.857142865657806;0.841269850730896,0.841269850730896,0.841269850730896;0.825396835803986,0.825396835803986,0.825396835803986;0.809523820877075,0.809523820877075,0.809523820877075;0.793650805950165,0.793650805950165,0.793650805950165;0.777777791023254,0.777777791023254,0.777777791023254;0.761904776096344,0.761904776096344,0.761904776096344;0.746031761169434,0.746031761169434,0.746031761169434;0.730158746242523,0.730158746242523,0.730158746242523;0.714285731315613,0.714285731315613,0.714285731315613;0.698412716388702,0.698412716388702,0.698412716388702;0.682539701461792,0.682539701461792,0.682539701461792;0.666666686534882,0.666666686534882,0.666666686534882;0.650793671607971,0.650793671607971,0.650793671607971;0.634920656681061,0.634920656681061,0.634920656681061;0.619047641754150,0.619047641754150,0.619047641754150;0.603174626827240,0.603174626827240,0.603174626827240;0.587301611900330,0.587301611900330,0.587301611900330;0.571428596973419,0.571428596973419,0.571428596973419;0.555555582046509,0.555555582046509,0.555555582046509;0.539682567119598,0.539682567119598,0.539682567119598;0.523809552192688,0.523809552192688,0.523809552192688;0.507936537265778,0.507936537265778,0.507936537265778;0.492063492536545,0.492063492536545,0.492063492536545;0.476190477609634,0.476190477609634,0.476190477609634;0.460317462682724,0.460317462682724,0.460317462682724;0.444444447755814,0.444444447755814,0.444444447755814;0.428571432828903,0.428571432828903,0.428571432828903;0.412698417901993,0.412698417901993,0.412698417901993;0.396825402975082,0.396825402975082,0.396825402975082;0.380952388048172,0.380952388048172,0.380952388048172;0.365079373121262,0.365079373121262,0.365079373121262;0.349206358194351,0.349206358194351,0.349206358194351;0.333333343267441,0.333333343267441,0.333333343267441;0.317460328340530,0.317460328340530,0.317460328340530;0.301587313413620,0.301587313413620,0.301587313413620;0.285714298486710,0.285714298486710,0.285714298486710;0.269841283559799,0.269841283559799,0.269841283559799;0.253968268632889,0.253968268632889,0.253968268632889;0.238095238804817,0.238095238804817,0.238095238804817;0.222222223877907,0.222222223877907,0.222222223877907;0.206349208950996,0.206349208950996,0.206349208950996;0.190476194024086,0.190476194024086,0.190476194024086;0.174603179097176,0.174603179097176,0.174603179097176;0.158730164170265,0.158730164170265,0.158730164170265;0.142857149243355,0.142857149243355,0.142857149243355;0.126984134316444,0.126984134316444,0.126984134316444;0.111111111938953,0.111111111938953,0.111111111938953;0.0952380970120430,0.0952380970120430,0.0952380970120430;0.0793650820851326,0.0793650820851326,0.0793650820851326;0.0634920671582222,0.0634920671582222,0.0634920671582222;0.0476190485060215,0.0476190485060215,0.0476190485060215;0.0317460335791111,0.0317460335791111,0.0317460335791111;0.0158730167895556,0.0158730167895556,0.0158730167895556;0,0,0];

pvalue=[0.500000000000000,0,0;0.562500000000000,0,0;0.625000000000000,0,0;0.687500000000000,0,0;0.750000000000000,0,0;0.812500000000000,0,0;0.875000000000000,0,0;0.937500000000000,0,0;1,0,0;1,0.0625000000000000,0;1,0.125000000000000,0;1,0.187500000000000,0;1,0.250000000000000,0;1,0.312500000000000,0;1,0.375000000000000,0;1,0.437500000000000,0;1,0.500000000000000,0;1,0.562500000000000,0;1,0.625000000000000,0;1,0.687500000000000,0;1,0.750000000000000,0;1,0.812500000000000,0;1,0.875000000000000,0;1,0.937500000000000,0;1,1,0;0.937500000000000,1,0.0625000000000000;0.875000000000000,1,0.125000000000000;0.812500000000000,1,0.187500000000000;0.750000000000000,1,0.250000000000000;0.687500000000000,1,0.312500000000000;0.625000000000000,1,0.375000000000000;0.562500000000000,1,0.437500000000000;0.500000000000000,1,0.500000000000000;0.437500000000000,1,0.562500000000000;0.375000000000000,1,0.625000000000000;0.312500000000000,1,0.687500000000000;0.250000000000000,1,0.750000000000000;0.187500000000000,1,0.812500000000000;0.125000000000000,1,0.875000000000000;0.0625000000000000,1,0.937500000000000;0,1,1;0,0.923076927661896,1;0,0.846153855323792,1;0,0.769230782985687,1;0,0.692307710647583,1;0,0.615384638309479,1;0,0.538461565971375,1;0,0.461538463830948,1;0,0.384615391492844,1;0,0.307692319154739,1;0,0.230769231915474,1;0,0.153846159577370,1;0,0.0769230797886848,1;0,0,1;0,0,0;0,0,0;0,0,0;0,0,0;0,0,0;0,0,0;0,0,0;0,0,0;0,0,0;0,0,0];

phasemap = [0.478431373834610,0.0627451017498970,0.894117653369904;0.430588245391846,0.0564705915749073,0.904705882072449;0.382745087146759,0.0501960813999176,0.915294110774994;0.334901958703995,0.0439215712249279,0.925882339477539;0.287058830261230,0.0376470610499382,0.936470568180084;0.239215686917305,0.0313725508749485,0.947058796882629;0.191372543573380,0.0250980406999588,0.957647085189819;0.143529415130615,0.0188235305249691,0.968235313892365;0.0956862717866898,0.0125490203499794,0.978823542594910;0.0478431358933449,0.00627451017498970,0.989411771297455;0,0,1;0,0.0833333358168602,0.916666686534882;0,0.166666671633720,0.833333313465118;0,0.250000000000000,0.750000000000000;0,0.333333343267441,0.666666686534882;0,0.416666656732559,0.583333313465118;0,0.500000000000000,0.500000000000000;0,0.583333313465118,0.416666656732559;0,0.666666686534882,0.333333343267441;0,0.750000000000000,0.250000000000000;0,0.833333313465118,0.166666671633720;0,0.916666686534882,0.0833333358168602;0,1,0;0.0909090936183929,1,0;0.181818187236786,1,0;0.272727280855179,1,0;0.363636374473572,1,0;0.454545468091965,1,0;0.545454561710358,1,0;0.636363625526428,1,0;0.727272748947144,1,0;0.818181812763214,1,0;0.909090936183929,1,0;1,1,0;1,0.963636338710785,0.0181818176060915;1,0.927272737026215,0.0363636352121830;1,0.890909075737000,0.0545454546809197;1,0.854545474052429,0.0727272704243660;1,0.818181812763214,0.0909090936183929;1,0.781818211078644,0.109090909361839;1,0.745454549789429,0.127272725105286;1,0.709090948104858,0.145454540848732;1,0.672727286815643,0.163636371493340;1,0.636363685131073,0.181818187236786;1,0.600000023841858,0.200000002980232;1,0.540000021457672,0.280000001192093;1,0.480000019073486,0.360000014305115;1,0.420000016689301,0.439999997615814;1,0.360000014305115,0.519999980926514;1,0.300000011920929,0.600000023841858;1,0.240000009536743,0.680000007152557;1,0.180000007152557,0.759999990463257;1,0.120000004768372,0.839999973773956;1,0.0600000023841858,0.920000016689301;1,0,1;0.942047953605652,0.00697167776525021,0.988235294818878;0.884095847606659,0.0139433555305004,0.976470589637756;0.826143801212311,0.0209150332957506,0.964705884456635;0.768191695213318,0.0278867110610008,0.952941179275513;0.710239648818970,0.0348583906888962,0.941176474094391;0.652287602424622,0.0418300665915012,0.929411768913269;0.594335496425629,0.0488017462193966,0.917647063732147;0.536383450031281,0.0557734221220017,0.905882358551025;0.478431373834610,0.0627451017498970,0.894117653369904];
